# general run time for trial
trailRunTime=15
#To know how far distance is take away distance from 40
# trail_number carAStartpositionX carAStartpositionZ SpeedA DistanceRight carBStartpositionX carBStartPositionZ DistanceLeft trafficNumber SpeedB
1	-1.94	40	40	93.1	-5.03	-40	-93.1	2	40	
2	-1.94	80	30	103.1	-5.03	-40	-103.1	2	10
3	-1.94	80	30	103.1	-5.03	-40	-73.1	2	10
4	-1.94	40	40	73.1	-5.03	-40	-73.1	2	20
5	-1.94	80	30	103.1	-5.03	-40	-83.1	2	10
6	-1.94	40	40	103.1	-5.03	-40	-103.1	2	40
7	-1.94	40	40	123.1	-5.03	-40	-123.1	2	40
8	-1.94	80	20	103.1	-5.03	-40	-83.1	2	10
9	-1.94	40	30	123.1	-5.03	-40	-123.1	2	30
10	-1.94	80	40	103.1	-5.03	-40	-93.1	2	10
11	-1.94	40	40	113.1	-5.03	-40	-113.1	2	40
12	-1.94	40	20	123.1	-5.03	-40	-123.1	2	20
13	-1.94	80	20	103.1	-5.03	-40	-113.1	2	10
14	-1.94	80	30	103.1	-5.03	-40	-83.1	2	10
15	-1.94	40	20	93.1	-5.03	-40	-93.1	2	20
16	-1.94	80	20	103.1	-5.03	-40	-103.1	2	10
17	-1.94	40	30	73.3	-5.03	-40	-73.3	2	30	
18	-1.94	80	20	103.3	-5.03	-40	-113.3	2	10





